t(1)=0;
y(:,1)=[0];
t(2)=1;
y(:,2)=[0.4884215384511539];
